selection

0.00879812240600586    
0.0008001327514648438    
0.0016541481018066406    
0.0018351078033447266   
0.0025322437286376953  
0.002210378646850586  
0.0008873939514160156   
0.006003856658935547  
0.007489681243896484  
0.008012771606445312  
0.008000612258911133  
0.0040051937103271484  
0.002608776092529297  
0.0017347335815429688  
0.005005359649658203  
0.007984399795532227  
0.0005908012390136719  
0.0035037994384765625  
0.0025048255920410156  
0.008000373840332031  
0.003094911575317383  
0.0015058517456054688  
0.004517316818237305  
0.007524013519287109  
0.0028972625732421875

Total		: 0.10370206832885742
Rata-Rata	: 0.004148082733154297


bubble_sort

0.007006168365478516   
0.004557132720947266  
0.0027489662170410156  
0.0036139488220214844  
0.0036115646362304688  
0.0035059452056884766  
0.0012235641479492188  
0.0060176849365234375  
0.00800633430480957  
0.008115053176879883  
0.002434253692626953  
0.0065937042236328125  
0.015957355499267578  
0.0034360885620117188  
0.003264904022216797  
0.0005173683166503906    
0.004061460494995117  
0.006818056106567383  
0.004016399383544922  
0.005354881286621094  
0.002956867218017578  
0.0010390281677246094  
0.006008625030517578  
0.008803844451904297   
0.0005817413330078125  


Total		: 0.12025094032287598
Rata-Rata	: 0.004810037612915039


insertion_sort

0.0017011165618896484   
0.0010533332824707031  
0.011489629745483398  
0.0035066604614257812  
0.00850367546081543  
0.002221822738647461  
0.00885462760925293  
0.0005905628204345703  
0.007993459701538086  
0.00400543212890625  
0.001954317092895508  
0.004617214202880859  
0.008001089096069336  
0.0027620792388916016  
0.007996320724487305  
0.006233930587768555  
0.004097938537597656  
0.008194684982299805  
 0.002009868621826172  
 0.0035851001739501953  
 0.0029256343841552734  
 0.008074045181274414  
 0.005294084548950195  
 0.006455421447753906  
 0.00888967514038086

Total		: 0.1310117244720459
Rata-Rata	: 0.005240468978881836



