pencarian

linear

0.00079345703125  
0.008322954177856445  
0.0060045719146728516  
0.0021872520446777344  
0.0021631717681884766  
0.0022115707397460938  
0.001565694808959961  
0.0007348060607910156  
0.004218339920043945  
0.004370450973510742  
0.015625  
0.0033254623413085938  
0.0015189647674560547  
0.003543376922607422  
0.0017406940460205078  
0.0010063648223876953  
0.0010089874267578125  
0.003997325897216797  
0.0033180713653564453  
0.0011403560638427734  
0.0054094791412353516  
0.0021843910217285156  
0.007004976272583008  
0.002034425735473633  
0.0015108585357666016  

Total		: 0.08694100379943848
Rata-Rata	: 0.0034776401519775392

          Hashtable

0.003031015396118164  
0.0007636547088623047  
0.0023550987243652344  
0.0011572837829589844  
0.0007672309875488281  
0.0010952949523925781  
0.0008134841918945312  
0.004003286361694336  
0.0019736289978027344  
0.008002758026123047  
0.008001565933227539  
0.0045032501220703125  
0.0025472640991210938  
0.00431513786315918  
0.002172708511352539  
0.003478527069091797  
0.001123666763305664  
0.001050710678100586  
0.000926971435546875  
0.0015256404876708984  
0.001867532730102539  
0.0020036697387695312  
0.0015053749084472656  
0.001043081283569336  
0.0013675689697265625  

Total		: 0.06139540672302246
Rata-Rata	: 0.0024558162689208986

binary

0.0012946128845214844  
0.0014925003051757812  
0.0012879371643066406  
0.0005395412445068359  
0.0030035972595214844  
0.008093833923339844  
0.0006139278411865234  
0.003997087478637695  
0.008034467697143555  
0.0010058879852294922  
0.0015196800231933594  
0.0016217231750488281  
0.007996320724487305  
0.0006024837493896484  
0.003009796142578125  
0.0075337886810302734  
0.005575656890869141  
0.008005380630493164  
0.007004261016845703  
0.0006053447723388672  
0.001695871353149414  
0.007503986358642578  
0.00799703598022461  
0.008003711700439453  
0.0007236003875732422 

Total		: 0.09876203536987305
Rata-Rata	: 0.003950481414794922


